% Coding: Male 2, Female 3

mpsex = [2
	 2
	 2
	 2
	 3
	 3
	 3
	 3
	 3
	 2
	 2
	 2
	 2
	 3
	 2
	 3
	 2
	 3
	 2
	 2
	 3
	 3
	 2
	 3
	 2
	 3
	 3
	 3
	 2
	 3
	 2
	 2
	 3
	 3
	 2
	 2
	 3
	 2
	 2
	 3
	 2
	 2
	 3
	 3
	 3
	 3
	 3
	 2
	 3
	 3
	 2
	 2
	 3
	 2
	 2
	 2
	 3
	 2
	 2
	 3
	 3
	 3
	 3
	 3
	 3
	 2
	 3
	 2
	 2
	 3
	 3
	 3
	 2
	 2
	 2
	 2
	 3
	 3
	 3
	 2
	 2
	 2
	 2
	 3
	 3
	 2
	 2
	 3
	 3
	 3
	 2
	 2
	 3
	 3
	 2
	 2
	 3
	 3
	 2
	 2
	 3
	 2
	 3
	 3
	 2
	 3
	 2
	 3
	 3
	 2
	 2
	 2
	 3
	 3
	 3
	 3
	 2
	 3
	 3
	 2
	 2
	 2
	 2
	 2
	 2
	 3
	 2
	 2
	 2
	 3
	 2
	 2
	 2
	 3
	 3
	 2
	 2
	 3
	 3
	 2
	 2
	 2
	 2
	 3
	 3
	 3
	 2
	 3
	 3
	 2
	 2
	 2
	 2
	 2
	 3
	 2
	 3
	 2
	 2
	 2
	 3
	 3
	 2
	 2
	 3
	 2
	 3
	 2
	 2
	 3
	 3
	 2
	 3
	 2
	 3
	 3
	 2
	 2
	 3
	 2
	 3
	 2
	 2
	 2
	 3
	 2
	 3
	 2
	 2
	 2
	 3
	 2
	 2
	 2
	 2
	 2
	 2
	 3
	 2
	 2
	 3
	 2
	 2
	 2
	 3
	 3
	 2
	 3
	 3
	 2
	 3
	 2
	 3
	 2
	 2
	 3
	 3
	 2
	 2
	 2
	 3
	 2
	 3
	 3
	 3
	 2
	 3
	 3
	 2
	 3
	 2
	 3
	 3
	 2
	 3
	 2
	 3
	 3
	 3
	 2
	 3
	 2
	 2
	 3
	 3
	 3
	 2
	 2
	 2
	 3
	 2
	 2
	 3
	 2
	 3
	 2
	 3
	 2
	 3
	 3
	 3
	 3
	 2
	 2
	 2
	 2
	 2
	 3
	 3
	 2
	 3
	 2
	 2
	 2
	 2
	 3
	 2
	 2
	 3
	 2
	 3
	 3
	 2
	 3
	 3
	 2
	 2
	 3
	 2
	 2
	 3
	 2
	 2
	 2
	 2
	 3
	 2
	 2
	 2
	 3
	 3
	 2
	 2
	 2
	 2
	 2
	 2
	 3
	 3
	 3
	 2
	 2
	 3
	 3
	 3
	 2
	 3
	 3
	 2
	 3
	 2
	 2
	 2
	 3
	 2
	 3
	 2
	 3
	 3
	 2
	 2
	 3
	 2
	 3
	 3
	 3
	 2
	 3
	 2
	 3
	 3
	 3
	 2
	 2
	 3
	 3
	 3
	 2
	 3];
